vomuit. xtv

1111111111811111111111111 1111 111111 11111111 1186111
1111111111111 1111 111 1111111111 11111111111 1111111111.
1111111111111, 111111 11111 111111 111 1313, 11111 111 111
1111111111 111111111111111 11111111 osterhoven 1111111, 111
1111111 1111 111111111111111111 111 11111111, 111111 1111-
111111111 1111111111, 11 111 1111111111 11111111111111111
11111 1111111 111 1111111111111111111111 1111111111 (111 er-
sten 11111 dieser 1111111111 1111111111) Chronica 11 gestis
principum 1111111111. 11 dieser 11. 111111111 11111111 1111 11111
1111111111. Es 11111 sich 11111111 111 111 111111, 11111 11-
11111111 111 111 11111111111111111111111111 11111111. 1111
1111111111111111 1. 457 111 1111111111111111111 11111·
1111111111 scisma multis 11111 11 11111111111111111111
111111 111 1111 1111111 (12. 11111 1172) 1111 11111111,
111111 sich 111111111 11111111111111111 1111111111, 111
1111 111 11 1111111111 1111111 1111111111111111, 1111111111-
1111111 111111111111111111111 1111111111 111 1111 zum 11-
11111111 111 dem original 111 111111111111111111 1111111111-
11111111111111111 11111 dem Chronicon 011111111111 111
11111 1,515-5181111111111111111 1111111111 111 durch
vermischung 1111111111 1111111111 111111.

20. cunradi de Wumeltnaen Annales Stndelfinyemee.
1271-1294. S. 464-472. 111111 111 1111111111111111 ,
diesen 111111 111 111111 11111111 tubingen 1111111111111
11111111 11111. 125511111111 111 111111 einer 11111111
11111 1111111111 111 heiligen 1111111 1181111111111111-
1111111 111 stuttgart 12781111111111111. [1111111111111
1111111111111111; sein 1111 11111 1111 12871111111111
1211 11111 1111111 111 111111111111 11111. 11111111111111111-
htngt ist 11111 ganz 1111, 1111 1111 1111 11111 1111111111
111111 111111111111111111111 111111 11111. 1114111211111
ister 111111 11111111. 111 1111111 11111 1111 11 111 111 dem
11111111 11111111111 1111111111111111111 1111, 1111111111
1111111111 1111 1111111111111 111 111 11111111,11111111

1111111111 111111 111111111111111 111111111 1111111111.
1111111111 111 11 seit 1273 11111111, 111 111111111111111-
1111111111111111, welche 11 11111 1111111111111111111111111
1111111 11111111 11111111 111 mit 111 111111 111 hetligen
111111 11 111111 111111 111111111111111111,11 1111111111
1111111111111111111111111, 111 1111111111 1111111111 mr

 

