X vowhlcnw.

1111 1235 11111161 111111 161111111161 steht: 116111161116116-
cepit 61161611 61111111111. 111 61116116161161(11611116161111661,
11611611111111161111 1166111 6116 61116116111111616 1611116161,
16 1161 16116 6111611 und 616161161116 gemacht. Ausnahmsweise
wurdc 6111661 161161 116166111661, 1. 1. 161111111255611
616161111161 1268, 161161111611 11161611 1161 1218 6116 66-
1111 11111 1243 1161 111161161116 (1611161161166111111161 11111611.
Ueberhaupt erweitert sich, 11611611261 1161 611111161111111
6161 1161 116111166161 11 0611111 661661 worden 1111 (11161611
1116111616 1111616 111 1661 16116 wohlerhalteh 1161 1116111611
11166116 6611111161) mit dem 11111611611611116116116161 111116161

= cles 611161 11111611 161 111111116,11111 11111111616111111161,

das werk. Kaum 11111116 1166111 6116 66161161111616 111111611116

’ des mittelalters 161 1111161611 11111166 1111116111116616111-

11111 1611 111 111616 1111161. 16161 61161 116166 11611161161
11611611111616 6161611116161116116161, 6111111111116, iiber 161-
61166 1161 1111116161 und 111161116161161611, 11111 1116111161-
11616 1666161161161 11161 111,16161 61 1111111111661 1161 hi-
1611116, 1616111611661 161 661611161111611, 6111111616 61161161-
166116 161 kirchen und 1111111611, und 116111111611, 1111161
1166116116 161166161116 16116 161 111111661161111661,,1116116

1161 1611111111116111161 111111166111116 1111161,161611161, 1111
deren erinnert dass 1161 1116616161161116-1111116116161 16161
1611, den 11111161 16116111161161 1111611161111116, hl-
bertus Magnus 11111161,1161 611 161111611611111. 1611116
111616 111111661161161661, welche 11 11611111116111111661 1161

11111616161 1111111111161111116161(1611111111111, 11111 1116 611-
11111111116 welche 1161116111161 1611611116 waren, 1111 11161-
11161 11116161161 11111111 116116 6616116111161611116616 61116
116111 161161, 1161 111116666111161 und 611611111116611 1116116
16116111161, 161 116111 1111116161 111 dass 116 1661 1111611111-
11111116 161161 11111161111161 111611111111161116.- 1116 1116116
116111611 tiber 6116 11. findet sich in (1611611616111 1116116
1161 1111111111. 161611. 11111161111 1161 161111611116161 116-
6111 161 St. Peter zu Basel. 1611111611111116116(111618111111
benutzt wie 1161161 im 1111 1548 611611616161 116111 6161611.
Nech 1580 kam 116 11 1111111111 hendo, (16111611111116 er
1161, humilis et frivolis rebus resectis, 1585 111 11161161 bande
seiher 16116161611111111116 1611111611, welche 1611111161 1670
1661111111 6611116111 1111116, 11116161 iiber 1116111111 1616111161-

 

