vohflhnh. XXVH

sie 0011110 0100000 00100100 1011000 001 010100. 110 01011001101
(1137 000 83111 000100 00000 010 0010101 101001000101 001
1000000 001100 0101 101001) ist nun 010100 001 100 00010010
1000110101110001010101. 1000000101001 0101 0001 10101, 00 0011
10010010 0000000001 100 0000110000 0110001001, 100 100011000
100 01100011000010 001 0100 11100000, 1000 110 kirchen St.
Magnus st. Paul 001 St. 1010000, 10110 10101000 durch profane
10001000 00100111. 1111100000 000 Worms 10 001000 010010
10101 man 10 1010001001110100οε saur 1100100101. (1110.
1.) 33. 110000 1100010. 100 00000010100 81111 (0110. 1571. 101.)
35. 31001. civitates 00110 31. 1100100 100000. (1100111145 101.)
1051100 1010100010100 101101001 0100 0001011100 stadt wie
010 000 100 0000110000 000 durch Peter 110000001191110 00001·
perspectiva 0010010001, 000 0010100 1837 durch 1180110100
1101100 0100 000111100010 0000010110 1000000000100 00010.
10001. 110 101000. ,

3.Αο00010011000011000000. 1083-1309. S. 240-253100
101011000 0000100 aus Schhttgen et 110000101101000010010 01
scriptores 10011 (0000110000 1753) 00110 52 0010000000. 11001
1001000010000 00010101100 0010100000εο 010 010000 00100000-
0001 0000101010000 110011000 1010000, 001 00000 100100000-
001000 000 Leipzig 00110011οΙ11 worden. 100 001000 00000 010100
10100 00001011, 000 101 1001011101 1010. 1101001010 1232 110101
0101 110, 00010 001 110100 10010010 001001010000. von 10 00
1010000101010001110101000010101100, welche 101000 0001101
10000, 1000 11000 0000100 10 0100 um 110100 0010100100 0101.
1011010101εο 00100 00101 01010000101010 000100000. Der
· 00100000 10111010 111100011010010000010001010100100 0011-
100100 01011 0000000000, 001010111οω 0000010100 100 0000-
0100 001000 0000101101οη 010010000 10 110 00101011 0011 - An·
10000110 001 0011000110011000 00100101000000 00000 10110100
0110011000 00100100. serarius, 1000 100000101010010000000100
1000010, 001 10 000000 10000 0001101000010100 100010101οι]
0010001. Die nun 0000010100οη 000010111εο 1101100 am 231001
1713 0011 1000 11010000 1000 0001000010010;1001010100011·

0110100000010000110101000100100 welche 101 00 00000010
10000000 1010.

· 9. Christiani chronicon 110000110000. 1112-1251. S.
253-271. Christian 100 0010 110100 010100000οε von 110100,
100000 101100 0101 000 1101000000 0000100, 000 010000 00100

 

