VORREDE. mu

1111111111 1198 1111111111 111111111. 111111 1111111111111
111 11111111 111 111 11111111111111 1111111111111111111111111
schannat 11111 1721, 111111111111111111111, ln 111111 11111.
111. 157 1111111111111.

22. 1111111111 11111111 11111111 111 1111111111 1298. S.
179-486. Der 1111111111111111111111111 1111 111 111 111111
1111111111 111111111111 111111 konnen (vers 181 111 278)
11111 11111111 111 herzog ,11111111 (1111 nn: 1111111111111
0111111111), 111111 1111111111111111111 111 1111111111, 111111
1111 1111111 111111111111 11111111 (vers 118),111111111
111111111, 1111 11111 111 1111111111111 111111111111111111
1111).11111111111111 1111111111111111 1111111111 111 1111111111
11,111 1111 anch mit diesem 111111111111111111111111111,
111111 auch 111111 1111111 1111 111111111111111111111111
111111 111 1111 1111 1111111111111. 111 1111 1111111111 nur 111111
11111111111111, 111 1111 11 111 1111111. 11111111182
11111111111111111111 ,111 1111 sich 11111111111111ιι 11-
11111111 1111. Vens 168 1111 27211111111111111111111111
111111 11111 11111111 1111 1111111111 1111111111 1111111111, 11-
111 111111 111111111,11111 11111 11111111111111111111, nm
111 tantem 111111 11111111 11111, ohne 1111 1111 recht 11111111
11111 welche 111111111111 1111 1111111 11111111 1111111111 111.
111 111111 11111111 11111 11111111 cnnrnnennre, 111 1111111111
1111111111 1111 1111111111 11111111111 1111111111111 1111111
111 1111111111 11 11 1111111111111111 111, 111111111111
111111111111 (11111. 11111 Fontes t,2tl 11111)111 wohl 1111
111111111 wieder 1111111111111111. Um 111111111111111111
11111111 1111 unser clienter 1111111111 111 1111111111 1111111111
111111111111, 111 wir 111111111 1111111111111111111111 111111
111111111111, 11111111111111 11 1111 1111 11111111111111111
11111. 111111 111 11111 dem mtttel- 1111 11111111111111111

1111111 111 1111 11111111111, 11111111111111111111111111
111111 11111 111111111 111 1111111111111111. 11111. linunt
1111111111 111-15 111 111111 111111. 11. 1111- 1111111111

1111111111 11111 1111 1111111111 111. 11111111111111 1793 tus
111. 111 1141 (111. 111. 111. 15) 11111111 811111. 1101-119,
1111 1819 111 111. 811111. 111 (111. 1111.111.14)111111
111111113111-111111111111 11111111111. 11111 metue 11111111
1111111, 111 111111 11 1111 1111 111111 111111 11111, 11111 1111111
11111 neuen 111111111 11111111 1111111, 11 1111 111 11111111111.

 

